0.0 30.01666203960727 38.8329756778952 69.1158447825099 36.345563690772494 61.1310068623117 56.04462507680822 19.72308292331602 5.830951894845301 29.120439557122072 
30.01666203960727 0.0 29.206163733020468 58.309518948453004 62.80127387243033 87.69264507357501 40.52159917870962 10.295630140987 35.22782990761707 36.40054944640259 
38.8329756778952 29.206163733020468 0.0 31.25699921617557 55.0 76.92203845452875 17.46424919657298 29.410882339705484 44.384682042344295 18.867962264113206 
69.1158447825099 58.309518948453004 31.25699921617557 0.0 75.47184905645283 91.92388155425118 18.601075237738275 60.41522986797286 74.33034373659252 42.720018726587654 
36.345563690772494 62.80127387243033 55.0 75.47184905645283 0.0 25.019992006393608 70.7248188403477 53.23532661682466 34.48187929913333 36.235341863986875 
61.1310068623117 87.69264507357501 76.92203845452875 91.92388155425118 25.019992006393608 0.0 90.97252332435328 78.23042886243178 58.69412236331676 58.180752831155424 
56.04462507680822 40.52159917870962 17.46424919657298 18.601075237738275 70.7248188403477 90.97252332435328 0.0 44.04543109109048 61.68468205316454 34.713109915419565 
19.72308292331602 10.295630140987 29.410882339705484 60.41522986797286 53.23532661682466 78.23042886243178 44.04543109109048 0.0 25.0 30.805843601498726 
5.830951894845301 35.22782990761707 44.384682042344295 74.33034373659252 34.48187929913333 58.69412236331676 61.68468205316454 25.0 0.0 33.37663853655727 
29.120439557122072 36.40054944640259 18.867962264113206 42.720018726587654 36.235341863986875 58.180752831155424 34.713109915419565 30.805843601498726 33.37663853655727 0.0 
